0.000000 0.011891 0.000000 0.000000 300.000000 3281.193772
0.000000 0.011891 0.000000 5000.000000 410.600000 3274.854972
0.000000 0.011891 0.000000 10000.000000 521.200000 3268.516173
0.000000 0.011891 0.000000 15000.000000 631.800000 3262.177373
0.000000 0.011891 0.000000 20000.000000 742.400000 3255.838574
0.000000 0.011891 0.000000 25000.000000 853.000000 3249.499774
0.000000 0.011891 0.000000 30000.000000 953.078691 3244.461454
0.000000 0.011891 0.000000 35000.000000 1063.678691 3238.121294
0.000000 0.011891 0.000000 40000.000000 1174.278691 3231.781134
0.000000 0.011891 0.000000 45000.000000 1284.878691 3225.440974
0.000000 0.011891 0.000000 50000.000000 1395.478691 3219.100814
0.000000 0.011891 0.000000 55000.000000 1506.078691 3212.760654
0.000000 0.011891 0.000000 60000.000000 1615.211443 3206.601845
0.000000 0.011891 0.000000 65000.000000 1629.700000 3224.480588
0.000000 0.011891 0.000000 70000.000000 1632.200000 3231.295514
0.000000 0.011891 0.000000 75000.000000 1634.700000 3238.110440
0.000000 0.011891 0.000000 80000.000000 1637.200000 3244.925366
0.000000 0.011891 0.000000 85000.000000 1639.700000 3251.740292
0.000000 0.011891 0.000000 90000.000000 1642.200000 3258.555218
0.000000 0.011891 0.000000 95000.000000 1644.700000 3265.370144
0.000000 0.011891 0.000000 100000.000000 1647.200000 3272.185070
0.000000 0.011891 0.000000 105000.000000 1649.700000 3278.999996
0.000000 0.011891 0.000000 110000.000000 1652.200000 3285.814922
0.000000 0.011891 0.000000 115000.000000 1654.700000 3292.629848
0.000000 0.011891 0.000000 120000.000000 1657.200000 3299.444774
0.000000 0.011891 0.000000 125000.000000 1659.700000 3306.259700
0.000000 0.011891 0.000000 130000.000000 1662.200000 3313.074626
0.000000 0.011891 0.000000 135000.000000 1664.700000 3319.889552
0.000000 0.011891 0.000000 140000.000000 1667.200000 3326.704478
0.000000 0.011891 0.000000 145000.000000 1669.700000 3333.519404
0.000000 0.011891 0.000000 150000.000000 1672.200000 3340.334330
0.000000 0.011891 0.000000 155000.000000 1674.700000 3347.149256
0.000000 0.011891 0.000000 160000.000000 1677.200000 3353.964182
0.000000 0.011891 0.000000 165000.000000 1679.700000 3360.779108
0.000000 0.011891 0.000000 170000.000000 1682.200000 3367.594034
0.000000 0.011891 0.000000 175000.000000 1684.700000 3374.408960
0.000000 0.011891 0.000000 180000.000000 1687.200000 3381.223886
0.000000 0.011891 0.000000 185000.000000 1689.700000 3388.038812
0.000000 0.011891 0.000000 190000.000000 1692.200000 3394.853738
0.000000 0.011891 0.000000 195000.000000 1694.700000 3401.668664
0.000000 0.011891 0.000000 200000.000000 1697.200000 3408.483590
0.000000 0.011891 0.000000 205000.000000 1699.700000 3415.298516
0.000000 0.011891 0.000000 210000.000000 1702.200000 3422.113442
0.000000 0.011891 0.000000 215000.000000 1704.700000 3428.928368
0.000000 0.011891 0.000000 220000.000000 1707.200000 3435.743294
0.000000 0.011891 0.000000 225000.000000 1709.700000 3442.558220
0.000000 0.011891 0.000000 230000.000000 1712.200000 3449.373146
0.000000 0.011891 0.000000 235000.000000 1714.700000 3456.188072
0.000000 0.011891 0.000000 240000.000000 1717.200000 3463.002998
0.000000 0.011891 0.000000 245000.000000 1719.700000 3469.817924
0.000000 0.011891 0.000000 250000.000000 1722.200000 3476.632850
0.000000 0.011891 0.000000 255000.000000 1724.700000 3483.447776
0.000000 0.011891 0.000000 260000.000000 1727.200000 3490.262702
0.000000 0.011891 0.000000 265000.000000 1729.700000 3497.077628
0.000000 0.011891 0.000000 270000.000000 1732.200000 3503.892554
0.000000 0.011891 0.000000 275000.000000 1734.700000 3510.707480
0.000000 0.011891 0.000000 280000.000000 1737.200000 3517.522406
0.000000 0.011891 0.000000 285000.000000 1739.700000 3524.337332
0.000000 0.011891 0.000000 290000.000000 1742.200000 3531.152258
0.000000 0.011891 0.000000 295000.000000 1744.700000 3537.967184
0.000000 0.011891 0.000000 300000.000000 1747.200000 3544.782110
0.000000 0.011891 0.000000 305000.000000 1749.700000 3551.597036
0.000000 0.011891 0.000000 310000.000000 1752.200000 3558.411962
0.000000 0.011891 0.000000 315000.000000 1754.700000 3565.226888
0.000000 0.011891 0.000000 320000.000000 1757.200000 3572.041814
0.000000 0.011891 0.000000 325000.000000 1759.700000 3578.856740
0.000000 0.011891 0.000000 330000.000000 1762.200000 3585.671666
0.000000 0.011891 0.000000 335000.000000 1764.700000 3592.486592
0.000000 0.011891 0.000000 340000.000000 1767.200000 3599.301518
0.000000 0.011891 0.000000 345000.000000 1769.700000 3606.116444
0.000000 0.011891 0.000000 350000.000000 1772.200000 3612.931370
0.000000 0.011891 0.000000 355000.000000 1774.700000 3619.746296
0.000000 0.011891 0.000000 360000.000000 1777.200000 3626.561222
0.000000 0.011891 0.000000 365000.000000 1779.700000 3633.376148
0.000000 0.011891 0.000000 370000.000000 1782.200000 3640.191074
0.000000 0.011891 0.000000 375000.000000 1784.700000 3647.006000
0.000000 0.011891 0.000000 380000.000000 1787.200000 3653.820926
0.000000 0.011891 0.000000 385000.000000 1789.700000 3660.635852
0.000000 0.011891 0.000000 390000.000000 1792.200000 3667.450778
0.000000 0.011891 0.000000 395000.000000 1794.700000 3674.265704
0.000000 0.011891 0.000000 400000.000000 1797.200000 3681.080630
0.000000 0.011891 0.000000 405000.000000 1799.700000 3687.895556
0.000000 0.011891 0.000000 410000.000000 1802.200000 3694.710482
0.000000 0.011891 0.000000 415000.000000 1804.700000 3701.525408
0.000000 0.011891 0.000000 420000.000000 1807.200000 3708.340334
0.000000 0.011891 0.000000 425000.000000 1809.700000 3715.155260
0.000000 0.011891 0.000000 430000.000000 1812.200000 3721.970186
0.000000 0.011891 0.000000 435000.000000 1814.700000 3728.785112
0.000000 0.011891 0.000000 440000.000000 1817.200000 3735.600038
0.000000 0.011891 0.000000 445000.000000 1819.700000 3742.414964
0.000000 0.011891 0.000000 450000.000000 1822.200000 3749.229890
0.000000 0.011891 0.000000 455000.000000 1824.700000 3756.044816
0.000000 0.011891 0.000000 460000.000000 1827.200000 3762.859742
0.000000 0.011891 0.000000 465000.000000 1829.700000 3769.674668
0.000000 0.011891 0.000000 470000.000000 1832.200000 3776.489594
0.000000 0.011891 0.000000 475000.000000 1834.700000 3783.304520
0.000000 0.011891 0.000000 480000.000000 1837.200000 3790.119446
0.000000 0.011891 0.000000 485000.000000 1839.700000 3796.934372
0.000000 0.011891 0.000000 490000.000000 1842.200000 3803.749298
0.000000 0.011891 0.000000 495000.000000 1844.700000 3810.564224
0.000000 0.011891 0.000000 500000.000000 1847.200000 3817.379150
0.000000 0.011891 0.000000 505000.000000 1849.700000 3824.194076
0.000000 0.011891 0.000000 510000.000000 1852.200000 3831.009002
0.000000 0.011891 0.000000 515000.000000 1854.700000 3837.823928
0.000000 0.011891 0.000000 520000.000000 1857.200000 3844.638854
0.000000 0.011891 0.000000 525000.000000 1859.700000 3851.453780
0.000000 0.011891 0.000000 530000.000000 1862.200000 3858.268706
0.000000 0.011891 0.000000 535000.000000 1864.700000 3865.083632
0.000000 0.011891 0.000000 540000.000000 1867.200000 3871.898558
0.000000 0.011891 0.000000 545000.000000 1869.700000 3878.713484
0.000000 0.011891 0.000000 550000.000000 1872.200000 3885.528410
0.000000 0.011891 0.000000 555000.000000 1874.700000 3892.343336
0.000000 0.011891 0.000000 560000.000000 1877.200000 3899.158262
0.000000 0.011891 0.000000 565000.000000 1879.700000 3905.973188
0.000000 0.011891 0.000000 570000.000000 1882.200000 3912.788114
0.000000 0.011891 0.000000 575000.000000 1884.700000 3919.603040
0.000000 0.011891 0.000000 580000.000000 1887.200000 3926.417966
0.000000 0.011891 0.000000 585000.000000 1889.700000 3933.232892
0.000000 0.011891 0.000000 590000.000000 1892.200000 3940.047818
0.000000 0.011891 0.000000 595000.000000 1894.700000 3946.862744
0.000000 0.011891 0.000000 600000.000000 1897.200000 3953.677670
