-0.476 9.325 2750.000
-1.429 27.753 2750.000
-1.905 36.805 2750.000
-2.381 45.768 2750.000
-2.857 54.639 2750.000
-3.333 63.420 2750.000
-3.810 72.129 2750.000
-4.286 80.728 2750.000
-5.238 97.684 2750.000
-5.714 106.010 2750.000
-6.190 114.246 2750.000
-6.667 122.408 2750.000
-7.619 138.455 2750.000
-8.571 154.138 2750.000
-9.524 169.473 2750.000
-10.476 184.429 2750.000
-11.429 199.036 2750.000
-12.381 213.264 2750.000
-13.333 227.129 2750.000
-14.286 240.644 2750.000
-16.190 266.675 2750.000
-18.095 291.272 2750.000
-19.229 305.172 2750.000
-21.905 342.936 2950.000
-23.810 369.171 2950.000
-25.714 394.881 2950.000
-27.619 420.092 2950.000
-29.524 444.787 2950.000
-31.429 468.967 2950.000
-33.333 492.618 2950.000
-35.238 515.764 2950.000
-38.095 549.571 2950.000
-40.046 571.951 2950.000
-43.810 594.378 3288.833
-46.667 611.330 3288.975
-49.524 628.093 3294.176
-52.381 644.680 3294.380
-55.238 661.068 3295.587
-58.095 677.259 3296.075
-60.952 693.256 3297.163
-63.810 709.068 3297.618
-66.667 724.673 3298.707
-71.429 750.240 3299.902
-76.190 775.231 3300.967
-80.952 799.682 3302.977
-85.714 823.645 3304.412
-90.476 847.165 3305.756
-95.238 870.209 3307.149
-100.000 892.840 3309.132
-104.762 915.100 3310.616
-109.524 936.998 3312.195
-114.286 958.574 3314.282
-119.048 979.874 3315.939
-123.810 1000.906 3317.516
-128.571 1021.708 3319.126
-133.333 1042.295 3321.375
-138.095 1062.716 3323.027
-142.857 1082.972 3324.703
-147.619 1103.079 3326.411
-152.381 1123.075 3328.724
-157.143 1142.972 3330.445
-161.905 1162.773 3332.182
-166.667 1182.526 3334.528
-171.429 1202.219 3336.280
-176.190 1221.848 3338.030
-180.952 1241.471 3339.806
-185.714 1261.098 3342.169
-190.476 1280.737 3343.934
-195.238 1300.351 3345.745
-200.014 1320.000 3348.099
-204.762 1329.496 3417.994
-209.524 1339.020 3421.327
-214.286 1348.544 3425.129
-219.048 1358.068 3428.615
-228.571 1377.114 3435.886
-238.095 1396.162 3443.408
-247.619 1404.563 3452.103
-257.143 1410.277 3461.179
-266.667 1415.992 3470.468
-276.190 1421.706 3479.973
-285.714 1427.420 3489.782
-290.476 1430.277 3494.665
-295.238 1433.134 3500.014
-300.000 1435.992 3505.488
-304.762 1438.849 3511.030
-314.286 1444.563 3523.829
-323.810 1450.278 3533.488
-333.333 1455.991 3543.764
-342.857 1461.706 3551.744
-352.381 1467.420 3559.551
-361.905 1473.135 3567.337
-371.429 1478.849 3575.456
-380.952 1484.563 3583.288
-390.476 1490.277 3590.728
-400.000 1495.992 3599.402
