-0.476 10.242 2350.000
-1.429 30.506 2350.000
-1.905 40.477 2350.000
-2.381 50.357 2350.000
-2.937 61.786 2350.000
-3.333 71.398 2950.000
-3.810 82.949 2950.000
-4.286 94.443 2950.000
-5.238 117.347 2950.000
-5.714 128.745 2950.000
-6.190 140.111 2950.000
-6.667 151.468 2950.000
-7.619 174.050 2950.000
-8.571 196.503 2950.000
-9.958 228.999 2950.000
-10.476 234.338 3325.223
-11.429 244.203 3326.390
-12.381 254.140 3327.553
-13.333 264.147 3328.484
-14.286 274.228 3328.850
-16.190 294.630 3328.499
-18.095 315.381 3327.486
-20.000 336.433 3327.015
-21.905 357.793 3326.486
-23.810 379.468 3325.307
-25.714 401.319 3324.676
-27.619 423.371 3323.952
-29.524 445.599 3322.568
-31.429 467.968 3321.786
-33.333 490.451 3320.963
-35.238 513.018 3320.141
-38.095 546.856 3318.254
-40.952 580.989 3328.498
-43.810 615.753 3332.846
-46.667 650.012 3331.287
-49.524 683.660 3329.377
-52.381 716.719 3328.484
-55.238 749.136 3327.630
-58.095 780.960 3326.017
-60.952 812.165 3325.207
-63.810 842.809 3323.720
-66.667 872.911 3323.134
-71.429 922.109 3320.697
-76.190 970.347 3319.694
-80.952 1017.884 3319.201
-85.714 1064.963 3317.889
-90.476 1111.917 3316.310
-95.238 1159.067 3315.218
-100.000 1206.610 3314.260
-104.762 1254.827 3313.131
-111.060 1320.000 3311.181
-114.286 1326.452 3330.774
-119.048 1335.976 3335.165
-123.810 1345.500 3339.046
-128.571 1355.022 3342.925
-133.333 1364.546 3347.232
-138.095 1374.070 3350.865
-142.857 1383.594 3354.637
-147.619 1393.118 3358.703
-152.381 1400.637 3362.572
-157.143 1402.932 3367.505
-161.905 1405.228 3371.943
-166.667 1407.523 3376.361
-171.429 1409.819 3381.154
-176.190 1412.114 3385.512
-180.952 1414.409 3390.254
-185.714 1416.705 3394.590
-190.476 1419.000 3398.900
-195.238 1421.296 3403.593
-200.000 1423.591 3407.884
-204.762 1425.887 3412.558
-209.524 1428.182 3416.851
-214.286 1430.478 3421.148
-219.048 1432.773 3425.839
-228.571 1437.364 3434.802
-238.095 1441.955 3443.955
-247.619 1446.546 3453.173
-257.143 1451.137 3462.506
-266.667 1455.728 3472.089
-276.190 1460.318 3481.979
-285.714 1464.909 3492.169
-290.476 1467.205 3497.286
-295.238 1469.500 3502.852
-300.000 1471.796 3508.171
-304.762 1474.091 3514.055
-314.286 1478.682 3526.713
-323.810 1483.273 3536.622
-333.333 1487.864 3545.581
-342.857 1492.455 3553.491
-352.381 1497.046 3561.429
-361.905 1501.637 3569.351
-371.429 1506.228 3577.606
-380.952 1510.818 3585.588
-390.476 1515.409 3593.635
-400.000 1520.000 3601.993
