-0.476 14.424 2350.000
-1.429 43.061 2350.000
-1.905 57.213 2350.000
-2.381 71.275 2350.000
-2.937 87.588 2350.000
-3.333 101.343 2950.000
-3.810 117.882 2950.000
-4.286 134.355 2950.000
-5.238 167.215 2950.000
-5.714 183.591 2950.000
-6.190 199.936 2950.000
-6.667 216.282 2950.000
-7.619 248.820 2950.000
-8.571 281.229 2950.000
-9.958 328.230 2950.000
-10.476 336.789 3313.883
-11.429 352.598 3314.273
-12.381 368.562 3314.578
-13.333 384.665 3314.094
-14.286 400.911 3314.321
-16.190 433.731 3312.242
-18.095 466.982 3309.491
-20.000 500.517 3307.302
-21.905 534.224 3305.069
-23.810 567.934 3302.172
-25.714 601.489 3299.918
-27.619 634.843 3297.690
-29.524 667.899 3294.825
-31.429 700.555 3292.665
-33.333 732.703 3290.569
-35.238 764.390 3287.860
-38.095 811.068 3284.902
-40.952 856.791 3282.060
-43.810 901.814 3287.066
-46.667 946.036 3283.094
-49.524 989.662 3279.589
-52.381 1032.926 3277.823
-55.238 1075.991 3274.843
-58.095 1119.136 3271.525
-60.952 1162.610 3269.045
-63.810 1206.624 3266.537
-66.667 1251.355 3263.097
-70.943 1320.000 3257.586
-76.190 1330.494 3278.777
-80.952 1340.018 3284.523
-85.714 1349.542 3290.452
-90.476 1359.066 3295.603
-95.238 1368.590 3299.957
-100.000 1378.114 3305.480
-104.762 1387.638 3309.899
-109.524 1397.162 3314.439
-114.286 1401.388 3319.900
-119.048 1403.365 3325.030
-123.810 1405.342 3330.049
-128.571 1407.318 3334.992
-133.333 1409.295 3340.298
-138.095 1411.272 3345.041
-142.857 1413.249 3350.202
-147.619 1415.226 3354.865
-152.381 1417.203 3359.443
-157.143 1419.180 3364.416
-161.905 1421.157 3368.943
-166.667 1423.133 3373.418
-171.429 1425.110 3378.283
-176.190 1427.087 3382.712
-180.952 1429.064 3387.514
-185.714 1431.041 3391.894
-190.476 1433.018 3396.237
-195.238 1434.994 3400.985
-200.000 1436.971 3405.347
-204.762 1438.948 3410.071
-209.524 1440.925 3414.407
-214.286 1442.902 3418.767
-219.048 1444.879 3423.490
-228.571 1448.832 3432.626
-238.095 1452.786 3441.748
-247.619 1456.740 3451.084
-257.143 1460.694 3460.435
-266.667 1464.648 3470.061
-276.190 1468.601 3480.003
-285.714 1472.555 3490.268
-290.476 1474.532 3495.320
-295.238 1476.509 3500.892
-300.000 1478.486 3506.610
-304.762 1480.463 3512.339
-314.286 1484.416 3524.972
-323.810 1488.370 3534.954
-333.333 1492.324 3543.888
-342.857 1496.277 3552.181
-352.381 1500.231 3560.188
-361.905 1504.185 3568.182
-371.429 1508.139 3576.157
-380.952 1512.092 3584.397
-390.476 1516.046 3592.462
-400.000 1520.000 3600.802
