0.000000 0.011891 0.000000 0.000000 300.000000 3272.700160
0.000000 0.011891 0.000000 5000.000000 347.350000 3274.316554
0.000000 0.011891 0.000000 10000.000000 394.700000 3275.932949
0.000000 0.011891 0.000000 15000.000000 442.050000 3277.549343
0.000000 0.011891 0.000000 20000.000000 489.400000 3279.165738
0.000000 0.011891 0.000000 25000.000000 536.750000 3280.782132
0.000000 0.011891 0.000000 30000.000000 579.595624 3282.948948
0.000000 0.011891 0.000000 35000.000000 626.945624 3284.565690
0.000000 0.011891 0.000000 40000.000000 674.295624 3286.182431
0.000000 0.011891 0.000000 45000.000000 721.645624 3287.799172
0.000000 0.011891 0.000000 50000.000000 768.995624 3289.415914
0.000000 0.011891 0.000000 55000.000000 816.345624 3291.032655
0.000000 0.011891 0.000000 60000.000000 863.695624 3292.649396
0.000000 0.011891 0.000000 65000.000000 911.045624 3294.266138
0.000000 0.011891 0.000000 70000.000000 958.395624 3295.882879
0.000000 0.011891 0.000000 75000.000000 1005.745624 3297.499620
0.000000 0.011891 0.000000 80000.000000 1053.095624 3299.116362
0.000000 0.011891 0.000000 85000.000000 1100.445624 3300.733103
0.000000 0.011891 0.000000 90000.000000 1147.795624 3302.349844
0.000000 0.011891 0.000000 95000.000000 1195.145624 3303.966586
0.000000 0.011891 0.000000 100000.000000 1241.886872 3305.658569
0.000000 0.011891 0.000000 105000.000000 1249.500000 3323.903632
0.000000 0.011891 0.000000 110000.000000 1252.000000 3330.802427
0.000000 0.011891 0.000000 115000.000000 1254.500000 3337.701221
0.000000 0.011891 0.000000 120000.000000 1257.000000 3344.600016
0.000000 0.011891 0.000000 125000.000000 1259.500000 3351.498810
0.000000 0.011891 0.000000 130000.000000 1262.000000 3358.397604
0.000000 0.011891 0.000000 135000.000000 1264.500000 3365.296399
0.000000 0.011891 0.000000 140000.000000 1267.000000 3372.195193
0.000000 0.011891 0.000000 145000.000000 1269.500000 3379.093988
0.000000 0.011891 0.000000 150000.000000 1272.000000 3385.992782
0.000000 0.011891 0.000000 155000.000000 1274.500000 3392.891576
0.000000 0.011891 0.000000 160000.000000 1277.000000 3399.790371
0.000000 0.011891 0.000000 165000.000000 1279.500000 3406.689165
0.000000 0.011891 0.000000 170000.000000 1282.000000 3413.587960
0.000000 0.011891 0.000000 175000.000000 1284.500000 3420.486754
0.000000 0.011891 0.000000 180000.000000 1287.000000 3427.385548
0.000000 0.011891 0.000000 185000.000000 1289.500000 3434.284343
0.000000 0.011891 0.000000 190000.000000 1292.000000 3441.183137
0.000000 0.011891 0.000000 195000.000000 1294.500000 3448.081932
0.000000 0.011891 0.000000 200000.000000 1297.000000 3454.980726
0.000000 0.011891 0.000000 205000.000000 1299.500000 3461.879520
0.000000 0.011891 0.000000 210000.000000 1302.000000 3468.778315
0.000000 0.011891 0.000000 215000.000000 1304.500000 3475.677109
0.000000 0.011891 0.000000 220000.000000 1307.000000 3482.575904
0.000000 0.011891 0.000000 225000.000000 1309.500000 3489.474698
0.000000 0.011891 0.000000 230000.000000 1312.000000 3496.373492
0.000000 0.011891 0.000000 235000.000000 1314.500000 3503.272287
0.000000 0.011891 0.000000 240000.000000 1317.000000 3510.171081
0.000000 0.011891 0.000000 245000.000000 1319.500000 3517.069876
0.000000 0.011891 0.000000 250000.000000 1322.000000 3523.968670
0.000000 0.011891 0.000000 255000.000000 1324.500000 3530.867464
0.000000 0.011891 0.000000 260000.000000 1327.000000 3537.766259
0.000000 0.011891 0.000000 265000.000000 1329.500000 3544.665053
0.000000 0.011891 0.000000 270000.000000 1332.000000 3551.563848
0.000000 0.011891 0.000000 275000.000000 1334.500000 3558.462642
0.000000 0.011891 0.000000 280000.000000 1337.000000 3565.361436
0.000000 0.011891 0.000000 285000.000000 1339.500000 3572.260231
0.000000 0.011891 0.000000 290000.000000 1342.000000 3579.159025
0.000000 0.011891 0.000000 295000.000000 1344.500000 3586.057820
0.000000 0.011891 0.000000 300000.000000 1347.000000 3592.956614
0.000000 0.011891 0.000000 305000.000000 1349.500000 3599.855408
0.000000 0.011891 0.000000 310000.000000 1352.000000 3606.754203
0.000000 0.011891 0.000000 315000.000000 1354.500000 3613.652997
0.000000 0.011891 0.000000 320000.000000 1357.000000 3620.551792
0.000000 0.011891 0.000000 325000.000000 1359.500000 3627.450586
0.000000 0.011891 0.000000 330000.000000 1362.000000 3634.349380
0.000000 0.011891 0.000000 335000.000000 1364.500000 3641.248175
0.000000 0.011891 0.000000 340000.000000 1367.000000 3648.146969
0.000000 0.011891 0.000000 345000.000000 1369.500000 3655.045764
0.000000 0.011891 0.000000 350000.000000 1372.000000 3661.944558
0.000000 0.011891 0.000000 355000.000000 1374.500000 3668.843352
0.000000 0.011891 0.000000 360000.000000 1377.000000 3675.742147
0.000000 0.011891 0.000000 365000.000000 1379.500000 3682.640941
0.000000 0.011891 0.000000 370000.000000 1382.000000 3689.539736
0.000000 0.011891 0.000000 375000.000000 1384.500000 3696.438530
0.000000 0.011891 0.000000 380000.000000 1387.000000 3703.337324
0.000000 0.011891 0.000000 385000.000000 1389.500000 3710.236119
0.000000 0.011891 0.000000 390000.000000 1392.000000 3717.134913
0.000000 0.011891 0.000000 395000.000000 1394.500000 3724.033708
0.000000 0.011891 0.000000 400000.000000 1397.000000 3730.932502
0.000000 0.011891 0.000000 405000.000000 1399.500000 3737.831296
0.000000 0.011891 0.000000 410000.000000 1402.000000 3744.730091
0.000000 0.011891 0.000000 415000.000000 1404.500000 3751.628885
0.000000 0.011891 0.000000 420000.000000 1407.000000 3758.527680
0.000000 0.011891 0.000000 425000.000000 1409.500000 3765.426474
0.000000 0.011891 0.000000 430000.000000 1412.000000 3772.325268
0.000000 0.011891 0.000000 435000.000000 1414.500000 3779.224063
0.000000 0.011891 0.000000 440000.000000 1417.000000 3786.122857
0.000000 0.011891 0.000000 445000.000000 1419.500000 3793.021652
0.000000 0.011891 0.000000 450000.000000 1422.000000 3799.920446
0.000000 0.011891 0.000000 455000.000000 1424.500000 3806.819240
0.000000 0.011891 0.000000 460000.000000 1427.000000 3813.718035
0.000000 0.011891 0.000000 465000.000000 1429.500000 3820.616829
0.000000 0.011891 0.000000 470000.000000 1432.000000 3827.515624
0.000000 0.011891 0.000000 475000.000000 1434.500000 3834.414418
0.000000 0.011891 0.000000 480000.000000 1437.000000 3841.313212
0.000000 0.011891 0.000000 485000.000000 1439.500000 3848.212007
0.000000 0.011891 0.000000 490000.000000 1442.000000 3855.110801
0.000000 0.011891 0.000000 495000.000000 1444.500000 3862.009596
0.000000 0.011891 0.000000 500000.000000 1447.000000 3868.908390
0.000000 0.011891 0.000000 505000.000000 1449.500000 3875.807184
0.000000 0.011891 0.000000 510000.000000 1452.000000 3882.705979
0.000000 0.011891 0.000000 515000.000000 1454.500000 3889.604773
0.000000 0.011891 0.000000 520000.000000 1457.000000 3896.503568
0.000000 0.011891 0.000000 525000.000000 1459.500000 3903.402362
0.000000 0.011891 0.000000 530000.000000 1462.000000 3910.301156
0.000000 0.011891 0.000000 535000.000000 1464.500000 3917.199951
0.000000 0.011891 0.000000 540000.000000 1467.000000 3924.098745
0.000000 0.011891 0.000000 545000.000000 1469.500000 3930.997540
0.000000 0.011891 0.000000 550000.000000 1472.000000 3937.896334
0.000000 0.011891 0.000000 555000.000000 1474.500000 3944.795128
0.000000 0.011891 0.000000 560000.000000 1477.000000 3951.693923
0.000000 0.011891 0.000000 565000.000000 1479.500000 3958.592717
0.000000 0.011891 0.000000 570000.000000 1482.000000 3965.491512
0.000000 0.011891 0.000000 575000.000000 1484.500000 3972.390306
0.000000 0.011891 0.000000 580000.000000 1487.000000 3979.289100
0.000000 0.011891 0.000000 585000.000000 1489.500000 3986.187895
0.000000 0.011891 0.000000 590000.000000 1492.000000 3993.086689
0.000000 0.011891 0.000000 595000.000000 1494.500000 3999.985484
0.000000 0.011891 0.000000 600000.000000 1497.000000 4006.884278
