-0.476 10.308 2750.000
-1.429 30.703 2750.000
-1.905 40.739 2750.000
-2.381 50.684 2750.000
-2.857 60.538 2750.000
-3.333 70.302 2750.000
-3.810 79.995 2750.000
-4.286 89.577 2750.000
-5.238 108.499 2750.000
-5.714 117.808 2750.000
-6.190 127.027 2750.000
-6.667 136.174 2750.000
-7.619 154.186 2750.000
-8.571 171.835 2750.000
-9.524 189.138 2750.000
-10.476 206.059 2750.000
-11.429 222.635 2750.000
-12.381 238.829 2750.000
-13.333 254.659 2750.000
-14.286 270.142 2750.000
-16.190 300.105 2750.000
-18.095 328.637 2750.000
-19.229 344.878 2750.000
-21.905 389.222 2950.000
-23.810 420.141 2950.000
-25.714 450.532 2950.000
-27.619 480.426 2950.000
-29.524 509.806 2950.000
-31.429 538.670 2950.000
-33.333 567.003 2950.000
-35.238 594.834 2950.000
-38.095 635.668 2950.000
-39.545 655.902 2950.000
-43.810 686.214 3291.914
-46.667 706.289 3297.257
-49.524 726.086 3298.314
-52.381 745.612 3298.924
-55.238 764.872 3300.095
-58.095 783.857 3300.380
-60.952 802.559 3300.392
-63.810 821.006 3302.559
-66.667 839.190 3302.892
-71.429 869.066 3304.077
-76.190 898.320 3305.507
-80.952 927.035 3306.744
-85.714 955.298 3307.912
-90.476 983.164 3309.175
-95.238 1010.714 3311.545
-100.000 1037.994 3312.307
-104.762 1065.077 3313.646
-109.524 1091.985 3314.383
-114.286 1118.792 3316.648
-119.048 1145.585 3317.968
-123.810 1172.385 3319.107
-128.571 1199.225 3320.314
-133.333 1226.118 3322.126
-138.095 1253.113 3323.251
-142.857 1280.252 3324.386
-149.781 1320.000 3325.929
-152.381 1325.200 3367.173
-157.143 1334.724 3370.734
-161.905 1344.248 3374.687
-166.667 1353.772 3378.209
-171.429 1363.296 3382.129
-176.190 1372.818 3385.593
-180.952 1382.342 3389.073
-185.714 1391.866 3393.006
-190.476 1400.397 3396.608
-195.238 1403.115 3401.262
-200.000 1405.833 3405.489
-204.762 1408.552 3409.702
-209.524 1411.270 3414.340
-214.286 1413.988 3418.585
-219.048 1416.707 3423.200
-228.571 1422.143 3432.080
-238.095 1427.579 3441.037
-247.619 1433.016 3450.023
-257.143 1438.452 3459.220
-266.667 1443.889 3468.614
-276.190 1449.325 3478.207
-285.714 1454.762 3488.171
-290.476 1457.480 3493.127
-295.238 1460.198 3498.525
-300.000 1462.917 3503.757
-304.762 1465.635 3509.433
-314.286 1471.072 3522.463
-323.810 1476.508 3532.438
-333.333 1481.944 3541.992
-342.857 1487.381 3549.828
-352.381 1492.817 3558.005
-361.905 1498.254 3565.812
-371.429 1503.691 3573.698
-380.952 1509.127 3581.902
-390.476 1514.563 3589.699
-400.000 1520.000 3598.104
