-0.476 11.206 2750.000
-1.429 33.398 2750.000
-1.905 44.332 2750.000
-2.381 55.175 2750.000
-2.857 65.927 2750.000
-3.333 76.589 2750.000
-3.810 87.182 2750.000
-4.286 97.661 2750.000
-5.238 118.379 2750.000
-5.714 128.586 2750.000
-6.190 138.702 2750.000
-6.667 148.749 2750.000
-7.619 168.557 2750.000
-8.571 188.001 2750.000
-9.524 207.102 2750.000
-10.476 225.819 2750.000
-11.429 244.192 2750.000
-12.381 262.182 2750.000
-13.333 279.808 2750.000
-14.286 297.089 2750.000
-16.190 330.644 2750.000
-18.095 362.768 2750.000
-19.229 381.149 2750.000
-21.905 431.502 2950.000
-23.810 466.700 2950.000
-25.714 501.367 2950.000
-27.619 535.539 2950.000
-29.524 569.197 2950.000
-31.429 602.339 2950.000
-33.333 634.947 2950.000
-35.238 667.055 2950.000
-38.095 714.303 2950.000
-40.547 753.906 2950.000
-43.810 779.597 3290.695
-46.667 801.704 3301.786
-49.524 823.488 3303.216
-52.381 844.974 3303.054
-55.238 866.152 3304.416
-58.095 887.061 3304.313
-60.952 907.708 3305.243
-63.810 928.119 3304.785
-66.667 948.329 3306.714
-71.429 981.679 3308.498
-76.190 1014.602 3310.435
-80.952 1047.193 3311.415
-85.714 1079.565 3312.430
-90.476 1111.851 3313.316
-95.238 1144.096 3314.955
-100.000 1176.413 3315.678
-104.762 1208.890 3316.524
-109.524 1241.595 3317.362
-114.286 1274.534 3318.754
-120.782 1320.000 3319.026
-123.810 1326.056 3336.778
-128.571 1335.578 3340.593
-133.333 1345.102 3344.922
-138.095 1354.626 3348.781
-142.857 1364.150 3352.382
-147.619 1373.674 3356.414
-152.381 1383.198 3360.208
-157.143 1392.722 3364.174
-161.905 1400.563 3368.076
-166.667 1402.952 3372.492
-171.429 1405.341 3377.286
-176.190 1407.729 3381.664
-180.952 1410.118 3386.009
-185.714 1412.507 3390.740
-190.476 1414.896 3395.050
-195.238 1417.284 3399.748
-200.000 1419.673 3404.038
-204.762 1422.062 3408.704
-209.524 1424.451 3412.981
-214.286 1426.839 3417.267
-219.048 1429.228 3421.920
-228.571 1434.005 3430.864
-238.095 1438.783 3439.969
-247.619 1443.560 3449.045
-257.143 1448.338 3458.259
-266.667 1453.116 3467.784
-276.190 1457.893 3477.504
-285.714 1462.670 3487.491
-290.476 1465.059 3492.516
-295.238 1467.448 3497.956
-300.000 1469.837 3503.202
-304.762 1472.225 3508.827
-314.286 1477.003 3522.006
-323.810 1481.780 3531.978
-333.333 1486.558 3541.609
-342.857 1491.335 3549.830
-352.381 1496.113 3557.752
-361.905 1500.890 3565.614
-371.429 1505.668 3573.574
-380.952 1510.445 3581.860
-390.476 1515.222 3589.667
-400.000 1520.000 3598.149
